0 5
0 16
0 25
0 32
0 35
0 36
0 38
0 42
0 47
0 58
0 66
0 71
1 3
1 6
1 8
1 10
1 12
1 14
1 19
1 21
1 25
1 26
1 30
1 31
1 33
1 36
1 37
1 38
1 40
1 41
1 43
1 44
1 45
1 48
1 49
1 51
1 52
1 53 
1 54
1 55
1 56
1 57
1 61
1 62
1 63
1 64
1 65
1 69
1 72
1 78
1 80
2 8
2 13
2 15
2 18
2 20
2 25
2 26
2 27
2 32
2 34
2 37
2 39
2 50
2 51
2 56
2 60
2 67
2 71
2 74
2 76
2 77
2 79
3 1
3 6
3 8
3 10
3 12
3 14
3 19
3 26
3 30
3 31
3 33
3 36
3 37
3 38
3 40
3 41
3 43
3 44
3 45
3 48
3 49
3 51
3 52 
3 53 
3 54
3 55
3 56
3 57
3 61
3 62
3 63
3 64
3 65
3 69
3 72
3 78
3 80
4 6
4 9
4 17
4 22
4 23
4 28
4 30
4 34
4 49
4 58
4 59
4 61
4 68
4 70
4 75
4 81
5 0
5 11
5 16
5 25
5 32
5 35
5 36
5 38
5 42
5 47
5 58
5 66
5 71
5 73
6 1
6 3
6 4
6 8
6 10
6 12
6 14
6 19
6 22
6 23
6 26
6 30
6 31
6 33
6 36
6 37
6 38
6 40
6 41
6 43
6 44
6 45
6 48
6 49
6 51
6 52
6 53
6 54
6 55
6 56
6 57
6 58
6 59
6 61
6 62
6 63
6 64
6 65
6 68
6 69
6 72
6 75
6 78
6 80
6 81
7 9
7 22
7 24
7 77
8 1
8 2
8 3
8 6
8 10
8 12
8 13
8 14
8 15
8 19
8 26
8 30
8 31
8 32
8 33
8 36
8 37
8 38
8 39
8 40
8 41
8 43
8 44
8 45
8 48
8 49
8 50
8 51
8 52
8 53
8 54
8 55
8 56
8 57
8 60
8 61
8 62
8 63
8 64
8 65
8 67
8 69
8 71
8 72
8 78
8 79
8 80
9 4
9 7
9 17
9 22
9 23
9 24
9 28
9 34
9 70
9 75
10 1
10 3
10 6
10 8
10 12
10 14
10 19
10 26
10 30
10 33
10 36
10 37
10 38
10 40
10 41
10 43
10 44
10 45
10 48
10 49
10 51
10 52
10 53
10 54
10 55
10 56
10 57
10 61
10 62
10 63
10 64
10 65
10 69
10 72
10 78
10 80
11 5
11 73
12 1
12 3
12 6
12 8
12 10
12 14
12 19
12 26
12 30
12 31
12 33
12 36
12 37
12 38
12 40
12 41
12 43
12 44
12 45
12 48
12 49
12 51
12 52
12 53
12 54
12 55
12 56
12 57
12 61
12 62
12 63
12 64
12 65
12 69
12 72
12 78
12 80
13 2
13 8
13 15
13 26
13 32
13 39
13 50
13 51
13 60
13 67
13 71
13 79
14 1
14 3
14 6
14 8
14 10
14 12
14 19
14 26
14 30
14 31
14 33
14 36
14 37
14 38
14 40
14 41
14 43
14 44
14 45
14 48
14 49
14 51
14 52
14 53
14 54
14 55
14 56
14 57
14 61
14 62
14 63
14 64
14 65
14 69
14 72
14 78
14 80
15 2
15 8
15 13
15 26
15 32
15 39
15 50
15 51
15 60
15 67
15 71
15 79
16 0
16 5
16 25
16 32
16 35
16 36
16 38
16 42
16 47
16 58
16 66
16 71
17 4
17 9
17 23
17 28
17 34
17 70
17 75
18 2
18 20
18 25
18 27
18 34
18 37
18 56
18 76
18 77
19 3
19 6
19 8
19 10
19 12
19 14
19 26
19 30
19 31
19 33
19 36
19 37
19 38
19 40
19 41
19 43
19 44
19 45
19 48
19 49
19 51
19 52
19 53
19 54
19 55
19 56
19 57
19 61
19 62
19 63
19 64
19 65
19 69
19 72
19 78
19 80
20 2
20 18
20 15
20 27
20 34
20 37
20 56
20 74
20 76
20 77
21 1
21 25
21 52
21 57
22 4
22 6
22 7
22 9
22 23
22 24
22 30
22 49
22 58
22 59
22 61
22 68
22 75
22 77
22 81
23 4
23 6
23 9
23 17
23 22
23 28
23 30
23 34
23 49
23 58
23 59
23 61
23 68
23 70
23 75
23 81
24 7
24 9
24 22
24 70
24 77
25 0
25 1
25 2
25 5
25 16
25 18
25 20
25 21
25 27
25 32
25 34
25 35
25 36
25 37
25 38
25 42
25 47
25 48
25 49
25 50
25 52
25 56
25 57
25 58
25 66
25 71
25 74
25 76
25 77
26 1
26 2
26 3
26 6
26 8
26 10
26 12
26 13
26 14
26 15
26 19
26 30
26 31
26 32
26 33
26 36
26 37
26 38
26 39
26 40
26 41
26 43
26 44
26 45
26 48
26 49
26 50
26 52
26 53
26 54
26 55
26 56
26 57
26 60
26 61
26 62
26 63
26 64
26 65
26 67
26 69
26 71
26 72
26 78
26 79
26 80
27 2
27 18
27 20
27 25
27 34
27 37
27 56
27 74
27 76
27 77
28 4
28 9
28 17
28 23
28 34
28 75
29
30 1
30 3
30 4
30 6
30 8
30 10
30 12
30 14
30 19
30 22
30 23
30 26
30 31
30 33
30 36
30 37
30 38
30 40
30 41
30 43
30 44
30 45
30 48
30 49
30 51
30 52
30 53
30 54
30 55
30 56
30 57
30 58
30 58
30 61
30 62
30 63
30 64
30 65
30 68
30 69
30 72
30 75
30 78
30 80
30 81
31 1
31 3
31 6
31 8
31 10
31 12
31 14
31 19
31 26
31 30
31 33
31 36
31 37
31 38
31 40
31 41
31 43
31 44
31 45
31 48
31 49
31 51
31 52
31 53
31 54
31 55
31 56
31 57
31 61
31 62
31 63
31 64
31 65
31 69
31 72
31 78
31 80
32 0
32 2
32 5
32 8
32 13
32 15
32 16
32 25
32 26
32 35
32 36
32 38
32 39
32 42
32 47
32 50
32 51
32 58
32 60
32 66
32 67
32 71
32 79
33 1
33 3
33 6
33 8
33 10
33 12
33 14
33 19
33 26
33 30
33 31
33 36
33 37
33 38
33 40
33 41
33 43
33 44
33 45
33 46
33 48
33 51
33 52
33 53
33 54
33 55
33 56
33 57
33 61 
33 62
33 63
33 64
33 65
33 69
33 72
33 78
33 80
34 2
34 4
34 9
34 17
34 18
34 20
34 23
34 25
34 27
34 28
34 37
34 56
34 74
34 75
34 76
34 77
35 0
35 5
35 16
35 25
35 32
35 36
35 38
35 42
35 47
35 58
35 66
35 71
36 0
36 1
36 3
36 5
36 6
36 8
36 10
36 12
36 14
36 16
36 19
36 25
36 26
36 30
36 31
36 32
36 33
36 35
36 37
36 38
36 40
36 41
36 42
36 43
36 44
36 45
36 47
36 48
36 49
36 51
36 52
36 53
36 54
36 55
36 56
36 57
36 58
36 61
36 62
36 63
36 64
36 65
36 66
36 69
36 71
36 72
36 78
36 80
37 1
37 2
37 3
37 6
37 8
37 10
37 12
37 14
37 18
37 19
37 20
37 25
37 26
37 27
37 30
37 31
37 33
37 34
37 36
37 38
37 40
37 41
37 43
37 44
37 45
37 48
37 49
37 51
37 52
37 53
37 54
37 55
37 56
37 57
37 61
37 62
37 63
37 64
37 65
37 69
37 72
37 74
37 76
37 77
37 78
37 80
38 0
38 1
38 3
38 5
38 6
38 8
38 10
38 12
38 14
38 16
38 19
38 25
38 26
38 30
38 31
38 32
38 33
38 35
38 36
38 37
38 40
38 41
38 42
38 43
38 44
38 45
38 47
38 48
38 49
38 51
38 52
38 53
38 54
38 55
38 56
38 57
38 58
38 61
38 62
38 63
38 64
38 65
38 66
38 71
38 72
38 78
38 80
39 2
39 8
39 13
39 15
39 26
39 32
39 51
39 57
39 60
39 71
39 79
40 1
40 3
40 6
40 8
40 10
40 12
40 14
40 19
40 26
40 30
40 31
40 33
40 36
40 37
40 38
40 41
40 43
40 44
40 45
40 48
40 49
40 51
40 52
40 53
40 54
40 55
40 56
40 57
40 61
40 62
40 63
40 64
40 65
40 69
40 72
40 78
40 80
41 1
41 3
41 6
41 8
41 10
41 12
41 14
41 19
41 26
41 30
41 31
41 33
41 36
41 37
41 38
41 40
41 43
41 44
41 45
41 48
41 49
41 51
41 52
41 53
41 54
41 55
41 56
41 57
41 61
41 62
41 63
41 64
41 65
41 69
41 72
41 78
41 80
42 0
42 5
42 16
42 25
42 32
42 35
42 36
42 38
42 47
42 58
42 66
42 71
43 1
43 3
43 6
43 8
43 10
43 12
43 14
43 19
43 26
43 30
43 31
43 33
43 36
43 37
43 38
43 40
43 41
43 44
43 45
43 48
43 49
43 51
43 52
43 53
43 54
43 55
43 56
43 57
43 61
43 62
43 63
43 64
43 65
43 69
43 72
43 78
43 80
44 1
44 3
44 6
44 8
44 10
44 12
44 14
44 19
44 26 
44 30
44 31
44 33
44 36
44 37
44 38
44 40
44 41
44 43
44 49
44 51
44 52
44 57
44 61
44 72
45 1
45 3
45 6
45 8
45 10
45 12
45 14
45 19
45 26
45 30
45 31
45 33
45 36
45 37
45 38
45 40
45 41
45 43
45 48
45 49
45 51
45 52
45 53
45 54
45 55
45 56
45 57
45 61
45 62
45 63
45 64
45 65
45 72
45 78
45 80
46 33
47 0
47 5
47 16
47 25
47 32
47 35
47 36
47 38
47 42
47 58
47 66
47 71
48 1
48 3
48 6
48 8
48 10
48 12
48 14
48 19
48 26
48 30
48 31
48 33
48 36
48 37
48 38
48 40
48 41
48 43
48 45
48 49
48 51
48 52
48 56
48 57
48 61
48 62
48 63
48 64
48 65
48 69
48 72
48 78
48 80
49 1
49 3
49 4
49 6
49 8
49 10
49 12
49 14
49 19
49 22
49 23
49 26
49 30
49 31
49 36
49 37
49 38
49 40
49 41
49 43
49 44
49 45
49 48
49 51
49 52
49 53
49 54
49 55
49 56
49 57
49 58
49 59
49 62
49 63
49 64
49 65
49 68
49 69
49 72
49 75
49 78
49 80
49 81
50 2
50 8
50 13
50 15
50 26
50 32
50 51
50 60
50 71
50 79
51 1
51 2
51 3
51 6
51 8 
51 10
51 12
51 13
51 14
51 15
51 19
51 30 
51 31
51 32
51 33
51 36
51 37
51 38
51 39
51 40
51 41
51 43
51 44
51 45
51 48
51 49
51 50
51 52
51 53
51 54
51 55
51 56
51 53
51 60
51 61
51 62
51 63
51 64
51 65
51 67
51 69
51 71
51 72
51 78
51 79
51 80
52 1
52 3
52 6
52 8 
52 10
52 12
52 14
52 19
52 21
52 25
52 26
52 30 
52 31
52 33
52 36
52 37
52 38
52 39
52 40
52 41
52 43
52 44
52 45
52 48
52 49
52 51
52 53
52 54
52 55
52 56
52 57
52 61
52 62
52 63
52 64
52 65
52 69
52 72
52 78
52 80
53 1 
53 3
53 6
53 8
53 10
53 12
53 14
53 19
53 26
53 30
53 31
53 33
53 36
53 37
53 38
53 40
53 41
53 43
53 45
53 49
53 51
53 52
53 54
53 55
53 56
53 57
53 61
53 62
53 63
53 64
53 65
53 69
53 72
53 78
53 80
54 1
54 3
54 6
54 8
54 10
54 12
54 14
54 19
54 26
54 30
54 31
54 33
54 36
54 37
54 38
54 40
54 41
54 43
54 45
54 49
54 51
54 52
54 53
54 55
54 56
54 57
54 61
54 62
54 63
54 64
54 65
54 69
54 72
54 78
54 80
55 1
55 3
55 6
55 8
55 10
55 12
55 14
55 19
55 26
55 30
55 31
55 33
55 36
55 37
55 38
55 40
55 41
55 43
55 45
55 49
55 51
55 52
55 53
55 54
55 56
55 57
55 61
55 62 
55 63
55 64
55 65
55 69
55 72
55 78
55 80
56 1
56 2
56 3
56 6
56 8
56 10
56 12
56 14
56 18
56 19
56 20
56 25
56 26
56 27
56 30
56 31
56 33
56 34
56 36
56 38
56 40
56 41
56 43
56 44
56 45
56 48
56 49
56 51
56 52
56 53
56 54
56 55
56 57
56 61
56 62
56 63
56 64
56 65
56 69
56 72
56 74
56 76
56 77
56 78
56 80
57 1
57 3
57 6
57 8
57 10
57 12
57 14
57 19
57 21
57 25
57 26
57 30
57 31
57 33
57 36
57 37
57 38
57 39
57 40
57 41
57 43
57 44
57 45
57 48
57 49
57 51
57 53
57 54
57 55
57 56
57 61
57 62
57 63
57 64
57 65
57 67
57 69
57 72
57 78
57 80
58 0 
58 4
58 5
58 6
58 16
58 22
58 23
58 25
58 30
58 32
58 35
58 36
58 38
58 42
58 47
58 49
58 61
58 66
58 68
58 71
58 75
58 81
59 4
59 6
59 22
59 23
59 30
59 49
59 58
59 61
59 75
60 2
60 8
60 13
60 15
60 26
60 32
60 39
60 50
60 51
60 67
60 71
60 79
61 1
61 3
61 4
61 6
61 8
61 10
61 12
61 14
61 19
61 22
61 23
61 26
61 30
61 31
61 36
61 37
61 38
61 40
61 41
61 43
61 44
61 45
61 48
61 51
61 52
61 53
61 54
61 55
61 56
61 57
61 58
61 59
61 62
61 63
61 64
61 65
61 68
61 69
61 72
61 75
61 78
61 80
61 81
62 1
62 3
62 6
62 8
62 10
62 12
62 14
62 19
62 26
62 30
62 31
62 33
62 36
62 37
62 38
62 40
62 41
62 43
62 45
62 49
62 51
62 52
62 53
62 54
62 56
62 57
62 61
62 63
62 64
62 65
62 69
62 72
62 78
62 80
63 1
63 3
63 6
63 8
63 10
63 12
63 14
63 19
63 26
63 30
63 31
63 33
63 36
63 37
63 38
63 40
63 41
63 43
63 45
63 48
63 49
63 51
63 52
63 53
63 54
63 55
63 56
63 57
63 61
63 62
63 64
63 65
63 69
63 72
63 78
63 80
64 1
64 3
64 6
64 8
64 10
64 12
64 14
64 19
64 26
64 30
64 31
64 33
64 36
64 37
64 38
64 40
64 41
64 43
64 45
64 48
64 49
64 51
64 52
64 53
64 54
64 55
64 56
64 57
64 61
64 62
64 63
64 65
64 69
64 72
64 78
64 80
65 1
65 3
65 6
65 8
65 10
65 12
65 14
65 19
65 26
65 30
65 31
65 33
65 36
65 37
65 38
65 40
65 41
65 43
65 45
65 48
65 49
65 51
65 52
65 53
65 54
65 55
65 56
65 57
65 61
65 62
65 63
65 64
65 69
65 72
65 78
65 80
66 0
66 5
66 15
66 26
66 32
66 35
66 36
66 38
66 42
66 47
66 58
66 71
67 2
67 8
67 13
67 15
67 26
67 32
67 51
67 57
67 60
67 71
67 79
68 4
68 6
68 22
68 23
68 30
68 49
68 58
68 61
68 75
69 1
69 3
69 6
69 8
69 10
69 12
69 14
69 19
69 26
69 30
69 31
69 33
69 36
69 37
69 38
69 40
69 41
69 43
69 45
69 48
69 49
69 51
69 52
69 53
69 54
69 55
69 56
69 57
69 61
69 62
69 63
69 64
69 65
69 72
69 78
69 80
70 4
70 9
70 17
70 23
70 24
70 75
71 0
71 2
71 5
71 8
71 13
71 15
71 16
71 25
71 26
71 32
71 35
71 36
71 38
71 39
71 42
71 47
71 50
71 51
71 58
71 60
71 66
71 67
71 79
72 1
72 3
72 6
72 8
72 10
72 12
72 14
72 19
72 26
72 30
72 31
72 33
72 36
72 37
72 38
72 40
72 41
72 44
72 45
72 48
72 49
72 51
72 52
72 53
72 54
72 55
72 56
72 57
72 61
72 62
72 63
72 64
72 65
72 69
72 78
72 80
73 5
73 11
74 2
74 20
74 25
74 27
74 34
74 37
74 56
74 76
74 77
75 4
75 6
75 9
75 17
75 22
75 23
75 28
75 30
75 34
75 49
75 58
75 59
75 61
75 68
75 70
75 81
76 2
76 18
76 20
76 25
76 27
76 34
76 37
76 56
76 74
76 77
77 2
77 7
77 18
77 20
77 22
77 24
77 25
77 27
77 34
77 37
77 56
77 74
77 76
78 1
78 3
78 6
78 8
78 10
78 12
78 14
78 19
78 26
78 30
78 31
78 33
78 36
78 37
78 38
78 40
78 41
78 43
78 45
78 48
78 49
78 51
78 52
78 53
78 54
78 55
78 57
78 61
78 62
78 63
78 64
78 65
78 69
78 72
78 80
79 2
79 8
79 13
79 15
79 26
79 32
79 39
79 50
79 51
79 67
79 71
80 1
80 3
80 6
80 8
80 10
80 12
80 14
80 19
80 26
80 30
80 31
80 33
80 36
80 37
80 38
80 40
80 41
80 43
80 45
80 48
80 49
80 51
80 52
80 53
80 54
80 55
80 56
80 57
80 61
80 62
80 63
80 64
80 65
80 69
80 72
80 78
81 4
81 6
81 22
81 23
81 30
81 49
81 58
81 61
81 75











